gpt2-xl perplexity, gpt2-xl total perplexity = 33.61737507171157, 22.36469448643558
avg_max = 0.37079904348421056, toxicity prob=0.24210526315789474
dist-1 = 0.5747482948587469
dist-2 = 0.8356286561712829
dist-3 = 0.8403458888598876
