gpt2-xl perplexity, gpt2-xl total perplexity = 31.55305291642599, 21.853572394200004
avg_max = 0.34163363432631577, toxicity prob=0.2
dist-1 = 0.5646999861785836
dist-2 = 0.8267467204508163
dist-3 = 0.8359206457735363
