ppl: 34.759381275043374, total_ppl: 16.42270907080026
avg_formality: 0.0699100465498059, formal_proba: 0.06349206349206349
dist-1: 0.9817646004270654, dist-2: 0.8710043289525081, dist-3: 0.7438760715371361
repetition_rate: 0.0
fluent_proba: 0.920634925365448
--------------------------------------------------
--------------------------------------------------
