ppl: 41.83716112996844, total_ppl: 20.182353883827187
avg_formality: 0.07638249881967968, formal_proba: 0.07301293900184842
dist-1: 0.978118133382865, dist-2: 0.8780780616941293, dist-3: 0.7582681310422621
repetition_rate: 0.0
fluent_proba: 0.9011090397834778
--------------------------------------------------
--------------------------------------------------
sbleu: 16.784356707177597
sbert_score: 62.505195001329604, sbert_preserved_prop: 0.800369685767098, sbert_preserved_count: 866
