ppl: 41.47677173978625, total_ppl: 25.43707963426588
positive_proba: 0.16777777777777778, positive_proba_p_std: 0.373668830733483, avg_positivity: 0.16878112276395163
dist-1: 0.9166945362228552, dist-2: 0.9304579999437783, dist-3: 0.8713111085821001
repetition_rate: 0.0
fluent_proba: 0.851111114025116
