ppl: 50.52918993884535, total_ppl: 25.50528470608654
avg_formality: 0.6629628001159936, formal_proba: 0.6477777777777778
dist-1: 0.35693240411926164, dist-2: 0.5846778964715177, dist-3: 0.6589277223045532
repetition_rate: 0.0
fluent_proba: 0.9377777576446533
