ppl: 4.426283741403239, total_ppl: 4.3581047290224735
dist-1: 0.30758742697113456, dist-2: 0.6588457720997717, dist-3: 0.8025485206437283
repetition_rate: 0.0
fluent_proba: 0.9900000095367432
--------------------------------------------------
positive_proba: 0.12333333333333334, positive_proba_p_std: 0.2264705033528404, avg_positivity: 0.12202890932559968
--------------------------------------------------
positive_proba_gpt4o: 0.0, positive_proba_std_gpt4o: 0.0
