--------------------------------------------------
ppl: 3.9363068426757515, total_ppl: 3.7866316514870983
positive_proba: 0.9533333333333334, positive_proba_p_std: 0.12445436468396313, avg_positivity: 0.9519057196378707
--------------------------------------------------
positive_proba_int: 0.0, positive_proba_p_std_int: 0.0, avg_positivity_int: 0.08269451101620992
dist-1: 0.3124347377283233, dist-2: 0.6542265900524771, dist-3: 0.7967320674848598
repetition_rate: 0.0
--------------------------------------------------
fluent_proba: 1.0
positive_proba_gpt4o: 0.8, positive_proba_gpt4o_std: 0.4
--------------------------------------------------
ppl: 3.9363068426757515, total_ppl: 3.7866316514870983
dist-1: 0.3124347377283233, dist-2: 0.6542265900524771, dist-3: 0.7967320674848598
repetition_rate: 0.0
fluent_proba: 1.0
