ppl: 40.00654500053838, total_ppl: 22.219216539875095
avg_formality: 0.952951531399256, formal_proba: 0.9547325102880658
dist-1: 0.9713422851428932, dist-2: 0.9037853305104532, dist-3: 0.8118910717543812
repetition_rate: 0.0
fluent_proba: 0.7860082387924194
--------------------------------------------------
--------------------------------------------------
