ppl: 26.546804834658396, total_ppl: 16.55193470747312
avg_formality: 0.9665229121372887, formal_proba: 0.9703389830508474
dist-1: 0.9704292523085862, dist-2: 0.8961703542136942, dist-3: 0.796925228954841
repetition_rate: 0.0
fluent_proba: 0.8135592937469482
sbleu: 19.250328200143475
sbert_score: 59.8886260187969, sbert_preserved_prop: 0.742231638418079, sbert_preserved_count: 1051
