ppl: 27.214134742264974, total_ppl: 18.045860524449314
positive_proba: 0.9755555555555555, positive_proba_p_std: 0.1544244591385928, avg_positivity: 0.9742381426360872
dist-1: 0.9139055651186049, dist-2: 0.942352502263929, dist-3: 0.8918090716450272
repetition_rate: 0.0
fluent_proba: 0.8955555558204651
