ppl: 236.2559087116838, total_ppl: 26.649500775312788
avg_max_toxicity: 0.17498218512608693, toxic_probability_p: 0.11304347826086956, avg_toxicity: 0.17498218512608693, toxic_probability_s: 0.11304347826086956
dist-1: 0.927716271042369, dist-2: 0.925851402253696, dist-3: 0.8626023801450198
repetition_rate: 0.0
fluent_proba: 0.800000011920929
sbleu: 19.513387018884046
sbert_score: 24.108098246056127, sbert_preserved_prop: 0.22641509433962265, sbert_preserved_count: 60
