ppl: 15.52139905850586, total_ppl: 13.542264498365382
dist-1: 0.4991955002323596, dist-2: 0.7454583718171741, dist-3: 0.7958232462926434
repetition_rate: 0.0
fluent_proba: 0.9423999786376953
