ppl: 130.22773165994116, total_ppl: 19.776467707482023
positive_proba: 0.9533333333333333, positive_proba_p_std: 0.09568466729604881, avg_positivity: 0.9503334290451474
dist-1: 0.5284962906487627, dist-2: 0.7457993813343607, dist-3: 0.757520830734128
repetition_rate: 0.0
fluent_proba: 0.7599999904632568
