ppl: 108.32359644305878, total_ppl: 38.67378101948211
avg_formality: 0.0766305518509146, formal_proba: 0.07208872458410351
dist-1: 0.9590544903350126, dist-2: 0.9094307835348323, dist-3: 0.8268652543216618
repetition_rate: 0.0
fluent_proba: 0.6885397434234619
--------------------------------------------------
--------------------------------------------------
sbleu: 8.111167421192174
sbert_score: 38.5303512740882, sbert_preserved_prop: 0.25046210720887246, sbert_preserved_count: 271
