ppl: 72.28496188372128, total_ppl: 24.905474159143164
avg_formality: 0.045915845720774826, formal_proba: 0.03789279112754159
dist-1: 0.9768256871205884, dist-2: 0.893029143325664, dist-3: 0.7884149984366433
repetition_rate: 0.0
fluent_proba: 0.8197782039642334
--------------------------------------------------
--------------------------------------------------
sbleu: 13.50252423694669
sbert_score: 52.068281787414925, sbert_preserved_prop: 0.555452865064695, sbert_preserved_count: 601
