ppl: 25.817662180490817, total_ppl: 18.234070077349646
avg_formality: 0.9455335944720629, formal_proba: 0.9477401129943502
dist-1: 0.9473106747198601, dist-2: 0.9247245084103662, dist-3: 0.8575195526952242
repetition_rate: 0.0
fluent_proba: 0.7937853336334229
--------------------------------------------------
--------------------------------------------------
--------------------------------------------------
--------------------------------------------------
sbleu: 8.25375703003602
sbert_score: 42.44216432552233, sbert_preserved_prop: 0.3354519774011299, sbert_preserved_count: 475
