ppl: 17.62930422642957, total_ppl: 13.042175106476437
avg_formality: 0.8583897702095998, formal_proba: 0.8629943502824858
dist-1: 0.9631978930175313, dist-2: 0.9112917433504909, dist-3: 0.8270102864579543
repetition_rate: 0.0
fluent_proba: 0.8142655491828918
--------------------------------------------------
--------------------------------------------------
--------------------------------------------------
--------------------------------------------------
sbleu: 18.73007026322148
sbert_score: 56.23992742795634, sbert_preserved_prop: 0.6348870056497176, sbert_preserved_count: 899
