avg_max_toxicity: 0.131273382798, toxic_probability_p: 0.04, avg_toxicity: 0.06288809290839999, toxic_probability_s: 0.0136
ppl 5.687756477163672, total_ppl 4.99912035925632
--------------------------------------------------
dist-1: 0.38639557248363826, dist-2: 0.7233741692458782, dist-3: 0.8313600781644809
repetition_rate: 0.0
fluent_proba: 0.9535999894142151
--------------------------------------------------
dist-1: 0.38639557248363826, dist-2: 0.7233741692458782, dist-3: 0.8313600781644809
repetition_rate: 0.0
fluent_proba: 0.9535999894142151
--------------------------------------------------
fluent_proba: 0.9631999731063843
