ppl: 41.99609611477519, total_ppl: 26.86055513373419
fluent_proba: 0.9035999774932861
