ppl: 117.45799877501585, total_ppl: 18.699248647809583
avg_max_toxicity: 0.25249200048400006, toxic_probability_p: 0.1, avg_toxicity: 0.09875498349798399, toxic_probability_s: 0.0192
dist-1: 0.6206974744950803, dist-2: 0.8216521995395654, dist-3: 0.8118127764417022
repetition_rate: 0.0008
fluent_proba: 0.9412000179290771
